-130676,29
-129874,15
-129225,4
-128417,4087
-127798,4076
-127051,4064
-126216,4050
-125422,4037
-124760,4026
-124169,4016
-123391,4003
-122579,3990
-121931,3979
-121160,3967
-120504,3956
-119755,3943
-118946,3930
-118279,3919
-117493,3905
-116867,3895
-116109,3882
-115447,3871
-114635,3858
-113859,3844
-113243,3834
-112461,3821
-111675,3808
-110863,3794
-110153,3783
-109609,3774
-108815,3760
-108027,3747
-107384,3736
-106571,3723
-105798,3711
-105179,3701
-104398,3687
-103591,3674
-102875,3663
-102312,3653
-101552,3641
-100749,3628
-100108,3618
-99138,3602
-98516,3592
-97916,3583
-97100,3569
-96280,3556
-95653,3546
-95041,3537
-94263,3524
-93616,3514
-92810,3501
-92010,3487
-91386,3477
-90637,3465
-89945,3454
-89032,3439
-88347,3428
-87778,3419
-86973,3407
-86312,3396
-85510,3383
-84715,3370
-84129,3361
-83322,3348
-82564,3336
-81881,3325
-80907,3310
-80485,3303
-79690,3290
-78910,3277
-78259,3267
-77413,3254
-76684,3242
-76080,3232
-75266,3219
-74587,3208
-73763,3195
-73202,3186
-72423,3174
-71614,3161
-70969,3151
-70173,3138
-69550,3129
-68791,3116
-67992,3103
-67168,3090
-66490,3080
-65923,3070
-65138,3058
-64333,3045
-63689,3035
-62882,3022
-62278,3013
-61502,3000
-60707,2988
-60046,2978
-59204,2965
-58648,2956
-57863,2944
-57184,2934
-56417,2922
-55785,2912
-54834,2897
-54212,2887
-53437,2875
-52609,2863
-52156,2856
-51349,2843
-50575,2831
-49934,2821
-49125,2809
-48327,2796
-47555,2783
-46953,2774
-46149,2762
-45314,2749
-44505,2736
-44084,2729
-43300,2717
-42629,2706
-41842,2694
-41037,2682
-40429,2672
-39657,2659
-38882,2647
-38029,2633
-37504,2625
-36796,2614
-36011,2601
-35356,2590
-34563,2577
-33729,2563
-33165,2554
-32378,2542
-31696,2531
-30914,2518
-30292,2507
-29519,2494
-28726,2481
-28073,2470
-27277,2457
-26664,2447
-25843,2433
-25098,2420
-24425,2409
-23628,2395
-23010,2385
-22234,2371
-21448,2357
-20797,2346
-20004,2333
-19181,2317
-18602,2309
-17806,2294
-17152,2283
-16346,2269
-15731,2259
-14962,2246
-14172,2233
-13513,2222
-12725,2209
-11919,2196
-11312,2186
-10537,2174
-9849,2163
-9060,2151
-8447,2140
-7677,2128
-6880,2115
-6239,2105
-5482,2092
-4615,2078
-4035,2069
-3263,2057
-2582,2046
-1793,2033
-1178,2023
-394,2010
390,1997
1042,1986
1838,1974
2671,1961
3247,1951
4017,1939
4711,1927
5514,1915
6118,1905
6890,1892
7675,1879
8326,1869
9127,1855
9933,1842
10532,1833
11307,1820
11996,1809
12784,1796
13384,1786
14171,1773
14955,1761
15622,1750
16395,1738
17216,1725
17806,1715
18592,1703
19267,1693
20065,1680
20647,1671
21458,1658
22244,1646
22885,1636
23685,1624
24515,1610
25106,1602
25855,1590
26531,1580
27340,1568
27939,1558
28724,1547
29516,1535
30168,1525
30961,1514
31592,1505
32373,1493
33146,1482
33823,1471
34635,1459
35220,1451
36012,1439
36804,1427
37440,1418
38242,1406
39055,1394
39645,1385
40437,1373
41114,1364
41902,1352
42486,1343
43293,1332
44086,1321
44718,1311
45489,1300
46135,1291
46939,1279
47720,1268
48382,1258
49194,1246
49773,1237
50576,1226
51334,1214
52005,1205
52804,1193
53412,1184
54213,1172
54982,1161
55668,1150
56469,1138
57060,1129
57848,1117
58634,1106
59287,1096
60086,1084
60729,1074
61500,1062
62277,1050
62971,1040
63759,1027
64332,1019
65142,1006
65867,995
66579,984
67357,972
68015,961
68767,950
69556,938
70351,925
71022,914
71608,905
72426,892
73209,881
73862,871
74636,859
75253,849
76077,837
76842,825
77489,815
78340,802
78892,793
79697,780
80402,770
81127,758
81940,746
82542,737
83328,725
84113,713
84793,703
85405,693
86187,681
86971,669
87770,657
88417,647
89213,635
89847,625
90623,613
91395,600
92080,590
92860,578
93474,568
94261,556
94918,546
95692,534
96490,522
97086,512
97904,500
98674,488
99319,478
100161,465
100729,457
101551,444
102329,432
102949,423
103784,410
104374,401
105170,389
105965,377
106607,367
107447,355
108029,345
108822,333
109619,321
110249,311
111019,299
111664,289
112452,277
113235,265
113893,255
114535,245
115311,233
116098,220
116771,210
117544,198
118336,186
118915,177
119747,164
120528,152
121214,141
121899,130
122577,120
123395,107
124034,97
124798,85
125617,73
126239,63
127048,50
127802,38
128465,28
129255,15
129865,6
130658,4089
